0
0
0
0
0
0
0
0
0
0
0
0
0
0
0
0
0
0
0
0
0
0
0
0
0
0
0
0
0
0
0
0
0
0
0
0
0
0
0
0
0
0
0
0
0
0
0
0
0
0
0
0
0
0.076923
0
0.076923
0
0.076923
0
0.076923
0
0.076923
0
0
0
0.076923
0
0.076923
0
0.15385
0.46154
0.61538
0
0.15385
0.46154
0.61538
0
0.15385
0
0.15385
0.46154
0.61538
0
0.15385
0.46154
0.61538
0
0.15385
0
0.15385
0.46154
0.61538
0
0.15385
0
0.15385
0.46154
0.61538
0.46154
0.61538
0
0.15385
0
0.15385
0.46154
0.61538
0.46154
0.61538
0
0
0
0
0
0
0
0
0
0
0
0
0.46154
0.61538
0.46154
0.61538
0
0.076923
0
0.076923
0
0.076923
0
0.076923
0
0.076923
0
0.076923
0
0.076923
0
0.076923
0
0.076923
0
0.076923
0
0.076923
0
0.076923
0
0.076923
0
0.076923
0
0.076923
0
0.076923
0
0.076923
0
0.076923
0
0.076923
0.46154
0.69231
0.46154
0.53846
0.46154
0.53846
0.46154
0.53846
0.46154
0.53846
0.46154
0.53846
0
0.076923
0
0
0
0
0
0
0
0
0
0.076923
0
0
0
0
0
0
0
0
0
0
0
0
0
0
0
0
0
0
0
0
0
0
0
0
0
0
0
0
0.61538
0.46154
0.61538
0.46154
0
0
0
0
0
0
0
0
0
0
0
0
0
0
0
0
0
0
0
0
0
0
0
0
0
0
0
0
